0.0   
6.04  
6.06  
16.86 
50.38 
54.546
93.62 
107.34
159.0 
178   
220   
252.3 
262.24
279.40
297   
309.5 
326.0 
335.92
337.35
371.17
388.5 
388.5 
405.8 
410.0 
413.8 
421.15
443   
464   
478.36
480.9 
510   
539.61
572.70
583.93
586.13
599.29
611.47
628.97
632.8 
645.5 
681.84
682.11
691.2 
695.6 
711.19
713.72
721.84
725.8 
741.32
749.9 
753.98
768.18
769.60
783.64
796   
803.41
814.74
830.5 
839.66
842.26
846   
852.28
861.54
873.7 
884.94
891.4 
900   
904.6 
918.0 
924.58
947.2 
954   
957.5 
968.1 
973   
984.2 
991   
1013.1
1026  
1031.6
1040.0
1046  
1051.5
1061.4
1074.0
1087.4
1101.7
1115.3
1132.1
1151.7
1164  
1171.2
1182.8
1185.5
1212.5
1219  
1225.7
1238.2
1256.7
1259.4
1262.8
1276.8
1282.9
1293.4
1304.8
1313.4
1324.7
1330.2
1338.1
1344  
1350.7
1367  
1388.5
1395.2
1402  
1408.4
1422.6
1430  
1445.5
1459.7
1479.1
1491.0
1498.1
1509.9
1517.4
1525.1
1532.7
1540.8
1554.7
1557.5
1580.2
1589.8
1601.3
1612.3
1638.0
1653.6
1658.7
1668.3
1688.7
1699.3
1716.5
1727.7
1730.6
1736.7
1741.2
1776.4
1796.8
1805.6
1816.0
1842.0
1859.7
1862.5
1894.9
1905.4
1935.4
1944.4
1948.0
1961.4
1964.2
1970.7
1979.0
1991.0
1995.9
2002.1
2014.7
2026.4
2041.5
2046.6
2053.5
2066.3
2069.6
2073.9
2083.1
2097.2
2114.5
2126.8
2132.9
2145.1
2150.1
2156.2
2176.3
2179.6
2189.4
2195.3
2228.1
2234.4
2240.9
2244.0
2261.5
2282.6
2300.6